(kicad_pcb (version 20171130) (host pcbnew "(5.0.2)-1")

  (general
    (thickness 1.6)
    (drawings 15)
    (tracks 902)
    (zones 0)
    (modules 96)
    (nets 44)
  )

  (page A4)
  (layers
    (0 F.Cu signal)
    (31 B.Cu signal)
    (32 B.Adhes user)
    (33 F.Adhes user)
    (34 B.Paste user)
    (35 F.Paste user)
    (36 B.SilkS user)
    (37 F.SilkS user)
    (38 B.Mask user)
    (39 F.Mask user)
    (40 Dwgs.User user)
    (41 Cmts.User user)
    (42 Eco1.User user)
    (43 Eco2.User user)
    (44 Edge.Cuts user)
    (45 Margin user)
    (46 B.CrtYd user)
    (47 F.CrtYd user)
    (48 B.Fab user)
    (49 F.Fab user)
  )

  (setup
    (last_trace_width 0.25)
    (trace_clearance 0.2)
    (zone_clearance 0.508)
    (zone_45_only no)
    (trace_min 0.2)
    (segment_width 0.2)
    (edge_width 0.15)
    (via_size 0.8)
    (via_drill 0.4)
    (via_min_size 0.4)
    (via_min_drill 0.3)
    (uvia_size 0.3)
    (uvia_drill 0.1)
    (uvias_allowed no)
    (uvia_min_size 0.2)
    (uvia_min_drill 0.1)
    (pcb_text_width 0.3)
    (pcb_text_size 1.5 1.5)
    (mod_edge_width 0.15)
    (mod_text_size 1 1)
    (mod_text_width 0.15)
    (pad_size 5.7 5.7)
    (pad_drill 3.2)
    (pad_to_mask_clearance 0.051)
    (solder_mask_min_width 0.25)
    (aux_axis_origin 0 0)
    (grid_origin 57.023 51.562)
    (visible_elements 7FFFFFFF)
    (pcbplotparams
      (layerselection 0x010fc_ffffffff)
      (usegerberextensions false)
      (usegerberattributes false)
      (usegerberadvancedattributes false)
      (creategerberjobfile false)
      (excludeedgelayer false)
      (linewidth 0.100000)
      (plotframeref false)
      (viasonmask false)
      (mode 1)
      (useauxorigin true)
      (hpglpennumber 1)
      (hpglpenspeed 20)
      (hpglpendiameter 15.000000)
      (psnegative false)
      (psa4output false)
      (plotreference true)
      (plotvalue true)
      (plotinvisibletext false)
      (padsonsilk false)
      (subtractmaskfromsilk false)
      (outputformat 1)
      (mirror false)
      (drillshape 0)
      (scaleselection 1)
      (outputdirectory "JlcPCB/"))
  )

  (net 0 "")
  (net 1 /12V_Bootstrap)
  (net 2 /HIN1)
  (net 3 /LIN1)
  (net 4 GNDREF)
  (net 5 "Net-(D6-Pad1)")
  (net 6 /PHASE_A)
  (net 7 "Net-(D5-Pad1)")
  (net 8 "Net-(D9-Pad1)")
  (net 9 /PHASE_C)
  (net 10 "Net-(D10-Pad1)")
  (net 11 /LIN3)
  (net 12 /HIN3)
  (net 13 /HIN2)
  (net 14 /LIN2)
  (net 15 "Net-(D8-Pad1)")
  (net 16 /PHASE_B)
  (net 17 "Net-(D7-Pad1)")
  (net 18 "Net-(D10-Pad2)")
  (net 19 /CP)
  (net 20 /V_BAT+)
  (net 21 "Net-(D9-Pad2)")
  (net 22 "Net-(D8-Pad2)")
  (net 23 "Net-(D7-Pad2)")
  (net 24 "Net-(D6-Pad2)")
  (net 25 "Net-(D5-Pad2)")
  (net 26 "Net-(C13-Pad1)")
  (net 27 "Net-(C14-Pad1)")
  (net 28 "Net-(C12-Pad1)")
  (net 29 /BATT_VOLTAGE)
  (net 30 /CURRENT_SENSOR)
  (net 31 /EXTIC)
  (net 32 /EXTIB)
  (net 33 /EXTIA)
  (net 34 /3V3)
  (net 35 /5V)
  (net 36 /BEMF_B)
  (net 37 /BEMF_C)
  (net 38 /BEMF_A)
  (net 39 "Net-(R19-Pad2)")
  (net 40 /BEMF_REF)
  (net 41 "Net-(R3-Pad2)")
  (net 42 "Net-(D1-Pad2)")
  (net 43 /FAULT)

  (net_class Default "This is the default net class."
    (clearance 0.2)
    (trace_width 0.25)
    (via_dia 0.8)
    (via_drill 0.4)
    (uvia_dia 0.3)
    (uvia_drill 0.1)
    (add_net /12V_Bootstrap)
    (add_net /3V3)
    (add_net /5V)
    (add_net /BATT_VOLTAGE)
    (add_net /BEMF_A)
    (add_net /BEMF_B)
    (add_net /BEMF_C)
    (add_net /BEMF_REF)
    (add_net /CP)
    (add_net /CURRENT_SENSOR)
    (add_net /EXTIA)
    (add_net /EXTIB)
    (add_net /EXTIC)
    (add_net /FAULT)
    (add_net /HIN1)
    (add_net /HIN2)
    (add_net /HIN3)
    (add_net /LIN1)
    (add_net /LIN2)
    (add_net /LIN3)
    (add_net /PHASE_A)
    (add_net /PHASE_B)
    (add_net /PHASE_C)
    (add_net /V_BAT+)
    (add_net GNDREF)
    (add_net "Net-(C12-Pad1)")
    (add_net "Net-(C13-Pad1)")
    (add_net "Net-(C14-Pad1)")
    (add_net "Net-(D1-Pad2)")
    (add_net "Net-(D10-Pad1)")
    (add_net "Net-(D10-Pad2)")
    (add_net "Net-(D5-Pad1)")
    (add_net "Net-(D5-Pad2)")
    (add_net "Net-(D6-Pad1)")
    (add_net "Net-(D6-Pad2)")
    (add_net "Net-(D7-Pad1)")
    (add_net "Net-(D7-Pad2)")
    (add_net "Net-(D8-Pad1)")
    (add_net "Net-(D8-Pad2)")
    (add_net "Net-(D9-Pad1)")
    (add_net "Net-(D9-Pad2)")
    (add_net "Net-(R19-Pad2)")
    (add_net "Net-(R3-Pad2)")
  )

  (module Package_TO_SOT_SMD:SOT-223-3_TabPin2_Modificat (layer F.Cu) (tedit 5CD69F13) (tstamp 5CFD138E)
    (at 89.281 58.014 90)
    (descr "module CMS SOT223 4 pins")
    (tags "CMS SOT")
    (path /5CAD9415)
    (attr smd)
    (fp_text reference U3 (at -5.359 -0.889 180) (layer F.SilkS)
      (effects (font (size 1 1) (thickness 0.15)))
    )
    (fp_text value LP2950-3.3_TO92 (at 0 4.5 90) (layer F.Fab)
      (effects (font (size 1 1) (thickness 0.15)))
    )
    (fp_text user %R (at 0 0 180) (layer F.Fab)
      (effects (font (size 0.8 0.8) (thickness 0.12)))
    )
    (fp_line (start 1.91 3.41) (end 1.91 2.15) (layer F.SilkS) (width 0.12))
    (fp_line (start 1.91 -3.41) (end 1.91 -2.15) (layer F.SilkS) (width 0.12))
    (fp_line (start 4.4 -3.6) (end -4.4 -3.6) (layer F.CrtYd) (width 0.05))
    (fp_line (start 4.4 3.6) (end 4.4 -3.6) (layer F.CrtYd) (width 0.05))
    (fp_line (start -4.4 3.6) (end 4.4 3.6) (layer F.CrtYd) (width 0.05))
    (fp_line (start -4.4 -3.6) (end -4.4 3.6) (layer F.CrtYd) (width 0.05))
    (fp_line (start -1.85 -2.35) (end -0.85 -3.35) (layer F.Fab) (width 0.1))
    (fp_line (start -1.85 -2.35) (end -1.85 3.35) (layer F.Fab) (width 0.1))
    (fp_line (start -1.85 3.41) (end 1.91 3.41) (layer F.SilkS) (width 0.12))
    (fp_line (start -0.85 -3.35) (end 1.85 -3.35) (layer F.Fab) (width 0.1))
    (fp_line (start -4.1 -3.41) (end 1.91 -3.41) (layer F.SilkS) (width 0.12))
    (fp_line (start -1.85 3.35) (end 1.85 3.35) (layer F.Fab) (width 0.1))
    (fp_line (start 1.85 -3.35) (end 1.85 3.35) (layer F.Fab) (width 0.1))
    (pad 1 smd rect (at 3.15 0 90) (size 2 3.8) (layers F.Cu F.Paste F.Mask)
      (net 34 /3V3))
    (pad 1 smd rect (at -3.15 0 90) (size 2 1.5) (layers F.Cu F.Paste F.Mask)
      (net 34 /3V3))
    (pad 3 smd rect (at -3.15 2.3 90) (size 2 1.5) (layers F.Cu F.Paste F.Mask)
      (net 35 /5V))
    (pad 2 smd rect (at -3.15 -2.3 90) (size 2 1.5) (layers F.Cu F.Paste F.Mask)
      (net 4 GNDREF))
    (model ${KISYS3DMOD}/Package_TO_SOT_SMD.3dshapes/SOT-223.wrl
      (at (xyz 0 0 0))
      (scale (xyz 1 1 1))
      (rotate (xyz 0 0 0))
    )
  )

  (module Capacitor_SMD:C_1206_3216Metric_Pad1.42x1.75mm_HandSolder (layer F.Cu) (tedit 5CD6A6ED) (tstamp 5CFBDD97)
    (at 83.439 115.2795 270)
    (descr "Capacitor SMD 1206 (3216 Metric), square (rectangular) end terminal, IPC_7351 nominal with elongated pad for handsoldering. (Body size source: http://www.tortai-tech.com/upload/download/2011102023233369053.pdf), generated with kicad-footprint-generator")
    (tags "capacitor handsolder")
    (path /5CCB0400)
    (attr smd)
    (fp_text reference C33 (at 0 -1.82 270) (layer F.SilkS)
      (effects (font (size 1 1) (thickness 0.15)))
    )
    (fp_text value C_Small (at 0 1.82 270) (layer F.Fab)
      (effects (font (size 1 1) (thickness 0.15)))
    )
    (fp_text user %R (at -40.6035 23.749 270) (layer F.Fab)
      (effects (font (size 0.8 0.8) (thickness 0.12)))
    )
    (fp_line (start 2.45 1.12) (end -2.45 1.12) (layer F.CrtYd) (width 0.05))
    (fp_line (start 2.45 -1.12) (end 2.45 1.12) (layer F.CrtYd) (width 0.05))
    (fp_line (start -2.45 -1.12) (end 2.45 -1.12) (layer F.CrtYd) (width 0.05))
    (fp_line (start -2.45 1.12) (end -2.45 -1.12) (layer F.CrtYd) (width 0.05))
    (fp_line (start -0.602064 0.91) (end 0.602064 0.91) (layer F.SilkS) (width 0.12))
    (fp_line (start -0.602064 -0.91) (end 0.602064 -0.91) (layer F.SilkS) (width 0.12))
    (fp_line (start 1.6 0.8) (end -1.6 0.8) (layer F.Fab) (width 0.1))
    (fp_line (start 1.6 -0.8) (end 1.6 0.8) (layer F.Fab) (width 0.1))
    (fp_line (start -1.6 -0.8) (end 1.6 -0.8) (layer F.Fab) (width 0.1))
    (fp_line (start -1.6 0.8) (end -1.6 -0.8) (layer F.Fab) (width 0.1))
    (pad 2 smd roundrect (at 1.4875 0 270) (size 1.425 1.75) (layers F.Cu F.Paste F.Mask) (roundrect_rratio 0.175439)
      (net 4 GNDREF))
    (pad 1 smd roundrect (at -1.4875 0 270) (size 1.425 1.75) (layers F.Cu F.Paste F.Mask) (roundrect_rratio 0.175439)
      (net 34 /3V3))
    (model ${KISYS3DMOD}/Capacitor_SMD.3dshapes/C_1206_3216Metric.wrl
      (at (xyz 0 0 0))
      (scale (xyz 1 1 1))
      (rotate (xyz 0 0 0))
    )
  )

  (module Capacitor_SMD:C_1206_3216Metric_Pad1.42x1.75mm_HandSolder (layer F.Cu) (tedit 5B301BBE) (tstamp 5CFBDD86)
    (at 160.528 55.9705 90)
    (descr "Capacitor SMD 1206 (3216 Metric), square (rectangular) end terminal, IPC_7351 nominal with elongated pad for handsoldering. (Body size source: http://www.tortai-tech.com/upload/download/2011102023233369053.pdf), generated with kicad-footprint-generator")
    (tags "capacitor handsolder")
    (path /5D26EA6A)
    (attr smd)
    (fp_text reference C24 (at 0 -1.82 90) (layer F.SilkS)
      (effects (font (size 1 1) (thickness 0.15)))
    )
    (fp_text value C_Small (at 0 1.82 90) (layer F.Fab)
      (effects (font (size 1 1) (thickness 0.15)))
    )
    (fp_line (start -1.6 0.8) (end -1.6 -0.8) (layer F.Fab) (width 0.1))
    (fp_line (start -1.6 -0.8) (end 1.6 -0.8) (layer F.Fab) (width 0.1))
    (fp_line (start 1.6 -0.8) (end 1.6 0.8) (layer F.Fab) (width 0.1))
    (fp_line (start 1.6 0.8) (end -1.6 0.8) (layer F.Fab) (width 0.1))
    (fp_line (start -0.602064 -0.91) (end 0.602064 -0.91) (layer F.SilkS) (width 0.12))
    (fp_line (start -0.602064 0.91) (end 0.602064 0.91) (layer F.SilkS) (width 0.12))
    (fp_line (start -2.45 1.12) (end -2.45 -1.12) (layer F.CrtYd) (width 0.05))
    (fp_line (start -2.45 -1.12) (end 2.45 -1.12) (layer F.CrtYd) (width 0.05))
    (fp_line (start 2.45 -1.12) (end 2.45 1.12) (layer F.CrtYd) (width 0.05))
    (fp_line (start 2.45 1.12) (end -2.45 1.12) (layer F.CrtYd) (width 0.05))
    (fp_text user %R (at 0 0 90) (layer F.Fab)
      (effects (font (size 0.8 0.8) (thickness 0.12)))
    )
    (pad 1 smd roundrect (at -1.4875 0 90) (size 1.425 1.75) (layers F.Cu F.Paste F.Mask) (roundrect_rratio 0.175439)
      (net 37 /BEMF_C))
    (pad 2 smd roundrect (at 1.4875 0 90) (size 1.425 1.75) (layers F.Cu F.Paste F.Mask) (roundrect_rratio 0.175439)
      (net 4 GNDREF))
    (model ${KISYS3DMOD}/Capacitor_SMD.3dshapes/C_1206_3216Metric.wrl
      (at (xyz 0 0 0))
      (scale (xyz 1 1 1))
      (rotate (xyz 0 0 0))
    )
  )

  (module Capacitor_SMD:C_1206_3216Metric_Pad1.42x1.75mm_HandSolder (layer F.Cu) (tedit 5B301BBE) (tstamp 5CFBDD75)
    (at 155.702 55.9705 90)
    (descr "Capacitor SMD 1206 (3216 Metric), square (rectangular) end terminal, IPC_7351 nominal with elongated pad for handsoldering. (Body size source: http://www.tortai-tech.com/upload/download/2011102023233369053.pdf), generated with kicad-footprint-generator")
    (tags "capacitor handsolder")
    (path /5D256D6D)
    (attr smd)
    (fp_text reference C22 (at 0 -1.82 90) (layer F.SilkS)
      (effects (font (size 1 1) (thickness 0.15)))
    )
    (fp_text value C_Small (at 0 1.82 90) (layer F.Fab)
      (effects (font (size 1 1) (thickness 0.15)))
    )
    (fp_text user %R (at 0 0 90) (layer F.Fab)
      (effects (font (size 0.8 0.8) (thickness 0.12)))
    )
    (fp_line (start 2.45 1.12) (end -2.45 1.12) (layer F.CrtYd) (width 0.05))
    (fp_line (start 2.45 -1.12) (end 2.45 1.12) (layer F.CrtYd) (width 0.05))
    (fp_line (start -2.45 -1.12) (end 2.45 -1.12) (layer F.CrtYd) (width 0.05))
    (fp_line (start -2.45 1.12) (end -2.45 -1.12) (layer F.CrtYd) (width 0.05))
    (fp_line (start -0.602064 0.91) (end 0.602064 0.91) (layer F.SilkS) (width 0.12))
    (fp_line (start -0.602064 -0.91) (end 0.602064 -0.91) (layer F.SilkS) (width 0.12))
    (fp_line (start 1.6 0.8) (end -1.6 0.8) (layer F.Fab) (width 0.1))
    (fp_line (start 1.6 -0.8) (end 1.6 0.8) (layer F.Fab) (width 0.1))
    (fp_line (start -1.6 -0.8) (end 1.6 -0.8) (layer F.Fab) (width 0.1))
    (fp_line (start -1.6 0.8) (end -1.6 -0.8) (layer F.Fab) (width 0.1))
    (pad 2 smd roundrect (at 1.4875 0 90) (size 1.425 1.75) (layers F.Cu F.Paste F.Mask) (roundrect_rratio 0.175439)
      (net 4 GNDREF))
    (pad 1 smd roundrect (at -1.4875 0 90) (size 1.425 1.75) (layers F.Cu F.Paste F.Mask) (roundrect_rratio 0.175439)
      (net 36 /BEMF_B))
    (model ${KISYS3DMOD}/Capacitor_SMD.3dshapes/C_1206_3216Metric.wrl
      (at (xyz 0 0 0))
      (scale (xyz 1 1 1))
      (rotate (xyz 0 0 0))
    )
  )

  (module Capacitor_SMD:C_1206_3216Metric_Pad1.42x1.75mm_HandSolder (layer F.Cu) (tedit 5B301BBE) (tstamp 5CFBDD64)
    (at 151.003 56.007 90)
    (descr "Capacitor SMD 1206 (3216 Metric), square (rectangular) end terminal, IPC_7351 nominal with elongated pad for handsoldering. (Body size source: http://www.tortai-tech.com/upload/download/2011102023233369053.pdf), generated with kicad-footprint-generator")
    (tags "capacitor handsolder")
    (path /5D1E5D7A)
    (attr smd)
    (fp_text reference C21 (at 0 -1.82 90) (layer F.SilkS)
      (effects (font (size 1 1) (thickness 0.15)))
    )
    (fp_text value C_Small (at 0 1.82 90) (layer F.Fab)
      (effects (font (size 1 1) (thickness 0.15)))
    )
    (fp_line (start -1.6 0.8) (end -1.6 -0.8) (layer F.Fab) (width 0.1))
    (fp_line (start -1.6 -0.8) (end 1.6 -0.8) (layer F.Fab) (width 0.1))
    (fp_line (start 1.6 -0.8) (end 1.6 0.8) (layer F.Fab) (width 0.1))
    (fp_line (start 1.6 0.8) (end -1.6 0.8) (layer F.Fab) (width 0.1))
    (fp_line (start -0.602064 -0.91) (end 0.602064 -0.91) (layer F.SilkS) (width 0.12))
    (fp_line (start -0.602064 0.91) (end 0.602064 0.91) (layer F.SilkS) (width 0.12))
    (fp_line (start -2.45 1.12) (end -2.45 -1.12) (layer F.CrtYd) (width 0.05))
    (fp_line (start -2.45 -1.12) (end 2.45 -1.12) (layer F.CrtYd) (width 0.05))
    (fp_line (start 2.45 -1.12) (end 2.45 1.12) (layer F.CrtYd) (width 0.05))
    (fp_line (start 2.45 1.12) (end -2.45 1.12) (layer F.CrtYd) (width 0.05))
    (fp_text user %R (at 0 0 90) (layer F.Fab)
      (effects (font (size 0.8 0.8) (thickness 0.12)))
    )
    (pad 1 smd roundrect (at -1.4875 0 90) (size 1.425 1.75) (layers F.Cu F.Paste F.Mask) (roundrect_rratio 0.175439)
      (net 38 /BEMF_A))
    (pad 2 smd roundrect (at 1.4875 0 90) (size 1.425 1.75) (layers F.Cu F.Paste F.Mask) (roundrect_rratio 0.175439)
      (net 4 GNDREF))
    (model ${KISYS3DMOD}/Capacitor_SMD.3dshapes/C_1206_3216Metric.wrl
      (at (xyz 0 0 0))
      (scale (xyz 1 1 1))
      (rotate (xyz 0 0 0))
    )
  )

  (module Capacitor_SMD:C_1206_3216Metric_Pad1.42x1.75mm_HandSolder (layer F.Cu) (tedit 5B301BBE) (tstamp 5CFBDD53)
    (at 150.876 66.0035 90)
    (descr "Capacitor SMD 1206 (3216 Metric), square (rectangular) end terminal, IPC_7351 nominal with elongated pad for handsoldering. (Body size source: http://www.tortai-tech.com/upload/download/2011102023233369053.pdf), generated with kicad-footprint-generator")
    (tags "capacitor handsolder")
    (path /5CF8E52C)
    (attr smd)
    (fp_text reference C20 (at 0 -1.82 90) (layer F.SilkS)
      (effects (font (size 1 1) (thickness 0.15)))
    )
    (fp_text value C_Small (at 0 1.82 90) (layer F.Fab)
      (effects (font (size 1 1) (thickness 0.15)))
    )
    (fp_text user %R (at 0 0 90) (layer F.Fab)
      (effects (font (size 0.8 0.8) (thickness 0.12)))
    )
    (fp_line (start 2.45 1.12) (end -2.45 1.12) (layer F.CrtYd) (width 0.05))
    (fp_line (start 2.45 -1.12) (end 2.45 1.12) (layer F.CrtYd) (width 0.05))
    (fp_line (start -2.45 -1.12) (end 2.45 -1.12) (layer F.CrtYd) (width 0.05))
    (fp_line (start -2.45 1.12) (end -2.45 -1.12) (layer F.CrtYd) (width 0.05))
    (fp_line (start -0.602064 0.91) (end 0.602064 0.91) (layer F.SilkS) (width 0.12))
    (fp_line (start -0.602064 -0.91) (end 0.602064 -0.91) (layer F.SilkS) (width 0.12))
    (fp_line (start 1.6 0.8) (end -1.6 0.8) (layer F.Fab) (width 0.1))
    (fp_line (start 1.6 -0.8) (end 1.6 0.8) (layer F.Fab) (width 0.1))
    (fp_line (start -1.6 -0.8) (end 1.6 -0.8) (layer F.Fab) (width 0.1))
    (fp_line (start -1.6 0.8) (end -1.6 -0.8) (layer F.Fab) (width 0.1))
    (pad 2 smd roundrect (at 1.4875 0 90) (size 1.425 1.75) (layers F.Cu F.Paste F.Mask) (roundrect_rratio 0.175439)
      (net 4 GNDREF))
    (pad 1 smd roundrect (at -1.4875 0 90) (size 1.425 1.75) (layers F.Cu F.Paste F.Mask) (roundrect_rratio 0.175439)
      (net 40 /BEMF_REF))
    (model ${KISYS3DMOD}/Capacitor_SMD.3dshapes/C_1206_3216Metric.wrl
      (at (xyz 0 0 0))
      (scale (xyz 1 1 1))
      (rotate (xyz 0 0 0))
    )
  )

  (module Capacitor_SMD:C_1206_3216Metric_Pad1.42x1.75mm_HandSolder (layer F.Cu) (tedit 5B301BBE) (tstamp 5CFBDD42)
    (at 136.0535 57.785)
    (descr "Capacitor SMD 1206 (3216 Metric), square (rectangular) end terminal, IPC_7351 nominal with elongated pad for handsoldering. (Body size source: http://www.tortai-tech.com/upload/download/2011102023233369053.pdf), generated with kicad-footprint-generator")
    (tags "capacitor handsolder")
    (path /5D8D48BB)
    (attr smd)
    (fp_text reference C19 (at 0 -1.82) (layer F.SilkS)
      (effects (font (size 1 1) (thickness 0.15)))
    )
    (fp_text value 1 (at 0 1.82) (layer F.Fab)
      (effects (font (size 1 1) (thickness 0.15)))
    )
    (fp_line (start -1.6 0.8) (end -1.6 -0.8) (layer F.Fab) (width 0.1))
    (fp_line (start -1.6 -0.8) (end 1.6 -0.8) (layer F.Fab) (width 0.1))
    (fp_line (start 1.6 -0.8) (end 1.6 0.8) (layer F.Fab) (width 0.1))
    (fp_line (start 1.6 0.8) (end -1.6 0.8) (layer F.Fab) (width 0.1))
    (fp_line (start -0.602064 -0.91) (end 0.602064 -0.91) (layer F.SilkS) (width 0.12))
    (fp_line (start -0.602064 0.91) (end 0.602064 0.91) (layer F.SilkS) (width 0.12))
    (fp_line (start -2.45 1.12) (end -2.45 -1.12) (layer F.CrtYd) (width 0.05))
    (fp_line (start -2.45 -1.12) (end 2.45 -1.12) (layer F.CrtYd) (width 0.05))
    (fp_line (start 2.45 -1.12) (end 2.45 1.12) (layer F.CrtYd) (width 0.05))
    (fp_line (start 2.45 1.12) (end -2.45 1.12) (layer F.CrtYd) (width 0.05))
    (fp_text user %R (at 0 0) (layer F.Fab)
      (effects (font (size 0.8 0.8) (thickness 0.12)))
    )
    (pad 1 smd roundrect (at -1.4875 0) (size 1.425 1.75) (layers F.Cu F.Paste F.Mask) (roundrect_rratio 0.175439)
      (net 35 /5V))
    (pad 2 smd roundrect (at 1.4875 0) (size 1.425 1.75) (layers F.Cu F.Paste F.Mask) (roundrect_rratio 0.175439)
      (net 4 GNDREF))
    (model ${KISYS3DMOD}/Capacitor_SMD.3dshapes/C_1206_3216Metric.wrl
      (at (xyz 0 0 0))
      (scale (xyz 1 1 1))
      (rotate (xyz 0 0 0))
    )
  )

  (module Capacitor_SMD:C_1206_3216Metric_Pad1.42x1.75mm_HandSolder (layer F.Cu) (tedit 5B301BBE) (tstamp 5CFBDD31)
    (at 136.525 62.738)
    (descr "Capacitor SMD 1206 (3216 Metric), square (rectangular) end terminal, IPC_7351 nominal with elongated pad for handsoldering. (Body size source: http://www.tortai-tech.com/upload/download/2011102023233369053.pdf), generated with kicad-footprint-generator")
    (tags "capacitor handsolder")
    (path /5D7899EB)
    (attr smd)
    (fp_text reference C18 (at 0 -1.82) (layer F.SilkS)
      (effects (font (size 1 1) (thickness 0.15)))
    )
    (fp_text value 1 (at 0 1.82) (layer F.Fab)
      (effects (font (size 1 1) (thickness 0.15)))
    )
    (fp_text user %R (at 0 0) (layer F.Fab)
      (effects (font (size 0.8 0.8) (thickness 0.12)))
    )
    (fp_line (start 2.45 1.12) (end -2.45 1.12) (layer F.CrtYd) (width 0.05))
    (fp_line (start 2.45 -1.12) (end 2.45 1.12) (layer F.CrtYd) (width 0.05))
    (fp_line (start -2.45 -1.12) (end 2.45 -1.12) (layer F.CrtYd) (width 0.05))
    (fp_line (start -2.45 1.12) (end -2.45 -1.12) (layer F.CrtYd) (width 0.05))
    (fp_line (start -0.602064 0.91) (end 0.602064 0.91) (layer F.SilkS) (width 0.12))
    (fp_line (start -0.602064 -0.91) (end 0.602064 -0.91) (layer F.SilkS) (width 0.12))
    (fp_line (start 1.6 0.8) (end -1.6 0.8) (layer F.Fab) (width 0.1))
    (fp_line (start 1.6 -0.8) (end 1.6 0.8) (layer F.Fab) (width 0.1))
    (fp_line (start -1.6 -0.8) (end 1.6 -0.8) (layer F.Fab) (width 0.1))
    (fp_line (start -1.6 0.8) (end -1.6 -0.8) (layer F.Fab) (width 0.1))
    (pad 2 smd roundrect (at 1.4875 0) (size 1.425 1.75) (layers F.Cu F.Paste F.Mask) (roundrect_rratio 0.175439)
      (net 4 GNDREF))
    (pad 1 smd roundrect (at -1.4875 0) (size 1.425 1.75) (layers F.Cu F.Paste F.Mask) (roundrect_rratio 0.175439)
      (net 35 /5V))
    (model ${KISYS3DMOD}/Capacitor_SMD.3dshapes/C_1206_3216Metric.wrl
      (at (xyz 0 0 0))
      (scale (xyz 1 1 1))
      (rotate (xyz 0 0 0))
    )
  )

  (module Capacitor_SMD:C_1206_3216Metric_Pad1.42x1.75mm_HandSolder (layer F.Cu) (tedit 5B301BBE) (tstamp 5CFBDCC0)
    (at 67.056 120.3055 90)
    (descr "Capacitor SMD 1206 (3216 Metric), square (rectangular) end terminal, IPC_7351 nominal with elongated pad for handsoldering. (Body size source: http://www.tortai-tech.com/upload/download/2011102023233369053.pdf), generated with kicad-footprint-generator")
    (tags "capacitor handsolder")
    (path /5CDC33E8)
    (attr smd)
    (fp_text reference C3 (at 0 -1.82 90) (layer F.SilkS)
      (effects (font (size 1 1) (thickness 0.15)))
    )
    (fp_text value C_Small (at 0 1.82 90) (layer F.Fab)
      (effects (font (size 1 1) (thickness 0.15)))
    )
    (fp_line (start -1.6 0.8) (end -1.6 -0.8) (layer F.Fab) (width 0.1))
    (fp_line (start -1.6 -0.8) (end 1.6 -0.8) (layer F.Fab) (width 0.1))
    (fp_line (start 1.6 -0.8) (end 1.6 0.8) (layer F.Fab) (width 0.1))
    (fp_line (start 1.6 0.8) (end -1.6 0.8) (layer F.Fab) (width 0.1))
    (fp_line (start -0.602064 -0.91) (end 0.602064 -0.91) (layer F.SilkS) (width 0.12))
    (fp_line (start -0.602064 0.91) (end 0.602064 0.91) (layer F.SilkS) (width 0.12))
    (fp_line (start -2.45 1.12) (end -2.45 -1.12) (layer F.CrtYd) (width 0.05))
    (fp_line (start -2.45 -1.12) (end 2.45 -1.12) (layer F.CrtYd) (width 0.05))
    (fp_line (start 2.45 -1.12) (end 2.45 1.12) (layer F.CrtYd) (width 0.05))
    (fp_line (start 2.45 1.12) (end -2.45 1.12) (layer F.CrtYd) (width 0.05))
    (fp_text user %R (at 0 0 90) (layer F.Fab)
      (effects (font (size 0.8 0.8) (thickness 0.12)))
    )
    (pad 1 smd roundrect (at -1.4875 0 90) (size 1.425 1.75) (layers F.Cu F.Paste F.Mask) (roundrect_rratio 0.175439)
      (net 30 /CURRENT_SENSOR))
    (pad 2 smd roundrect (at 1.4875 0 90) (size 1.425 1.75) (layers F.Cu F.Paste F.Mask) (roundrect_rratio 0.175439)
      (net 4 GNDREF))
    (model ${KISYS3DMOD}/Capacitor_SMD.3dshapes/C_1206_3216Metric.wrl
      (at (xyz 0 0 0))
      (scale (xyz 1 1 1))
      (rotate (xyz 0 0 0))
    )
  )

  (module LM393D:SOIC127P600X175-8N (layer F.Cu) (tedit 0) (tstamp 5CFBD46B)
    (at 143.51 66.294 180)
    (path /5CEEA466)
    (attr smd)
    (fp_text reference U7 (at -0.50851 -4.42408 180) (layer F.SilkS)
      (effects (font (size 1.64166 1.64166) (thickness 0.05)))
    )
    (fp_text value LM393 (at 2.667 -5.334 180) (layer F.SilkS)
      (effects (font (size 1.64073 1.64073) (thickness 0.05)))
    )
    (fp_arc (start 0 -2.4892) (end -0.3048 -2.4892) (angle -180) (layer F.SilkS) (width 0.1))
    (fp_line (start -0.3048 -2.4892) (end -1.3716 -2.4892) (layer F.SilkS) (width 0.1524))
    (fp_line (start 0.3048 -2.4892) (end -0.3048 -2.4892) (layer F.SilkS) (width 0.1524))
    (fp_line (start 1.3716 -2.4892) (end 0.3048 -2.4892) (layer F.SilkS) (width 0.1524))
    (fp_line (start -1.3716 2.4892) (end 1.3716 2.4892) (layer F.SilkS) (width 0.1524))
    (fp_arc (start 0 -2.4892) (end -0.3048 -2.4892) (angle -180) (layer Eco2.User) (width 0.1))
    (fp_line (start -2.0066 -2.4892) (end -2.0066 2.4892) (layer Eco2.User) (width 0.1524))
    (fp_line (start -0.3048 -2.4892) (end -2.0066 -2.4892) (layer Eco2.User) (width 0.1524))
    (fp_line (start 0.3048 -2.4892) (end -0.3048 -2.4892) (layer Eco2.User) (width 0.1524))
    (fp_line (start 2.0066 -2.4892) (end 0.3048 -2.4892) (layer Eco2.User) (width 0.1524))
    (fp_line (start 2.0066 2.4892) (end 2.0066 -2.4892) (layer Eco2.User) (width 0.1524))
    (fp_line (start -2.0066 2.4892) (end 2.0066 2.4892) (layer Eco2.User) (width 0.1524))
    (fp_line (start 3.0988 -2.159) (end 2.0066 -2.159) (layer Eco2.User) (width 0.1524))
    (fp_line (start 3.0988 -1.651) (end 3.0988 -2.159) (layer Eco2.User) (width 0.1524))
    (fp_line (start 2.0066 -1.651) (end 3.0988 -1.651) (layer Eco2.User) (width 0.1524))
    (fp_line (start 2.0066 -2.159) (end 2.0066 -1.651) (layer Eco2.User) (width 0.1524))
    (fp_line (start 3.0988 -0.889) (end 2.0066 -0.889) (layer Eco2.User) (width 0.1524))
    (fp_line (start 3.0988 -0.381) (end 3.0988 -0.889) (layer Eco2.User) (width 0.1524))
    (fp_line (start 2.0066 -0.381) (end 3.0988 -0.381) (layer Eco2.User) (width 0.1524))
    (fp_line (start 2.0066 -0.889) (end 2.0066 -0.381) (layer Eco2.User) (width 0.1524))
    (fp_line (start 3.0988 0.381) (end 2.0066 0.381) (layer Eco2.User) (width 0.1524))
    (fp_line (start 3.0988 0.889) (end 3.0988 0.381) (layer Eco2.User) (width 0.1524))
    (fp_line (start 2.0066 0.889) (end 3.0988 0.889) (layer Eco2.User) (width 0.1524))
    (fp_line (start 2.0066 0.381) (end 2.0066 0.889) (layer Eco2.User) (width 0.1524))
    (fp_line (start 3.0988 1.651) (end 2.0066 1.651) (layer Eco2.User) (width 0.1524))
    (fp_line (start 3.0988 2.159) (end 3.0988 1.651) (layer Eco2.User) (width 0.1524))
    (fp_line (start 2.0066 2.159) (end 3.0988 2.159) (layer Eco2.User) (width 0.1524))
    (fp_line (start 2.0066 1.651) (end 2.0066 2.159) (layer Eco2.User) (width 0.1524))
    (fp_line (start -3.0988 2.159) (end -2.0066 2.159) (layer Eco2.User) (width 0.1524))
    (fp_line (start -3.0988 1.651) (end -3.0988 2.159) (layer Eco2.User) (width 0.1524))
    (fp_line (start -2.0066 1.651) (end -3.0988 1.651) (layer Eco2.User) (width 0.1524))
    (fp_line (start -2.0066 2.159) (end -2.0066 1.651) (layer Eco2.User) (width 0.1524))
    (fp_line (start -3.0988 0.889) (end -2.0066 0.889) (layer Eco2.User) (width 0.1524))
    (fp_line (start -3.0988 0.381) (end -3.0988 0.889) (layer Eco2.User) (width 0.1524))
    (fp_line (start -2.0066 0.381) (end -3.0988 0.381) (layer Eco2.User) (width 0.1524))
    (fp_line (start -2.0066 0.889) (end -2.0066 0.381) (layer Eco2.User) (width 0.1524))
    (fp_line (start -3.0988 -0.381) (end -2.0066 -0.381) (layer Eco2.User) (width 0.1524))
    (fp_line (start -3.0988 -0.889) (end -3.0988 -0.381) (layer Eco2.User) (width 0.1524))
    (fp_line (start -2.0066 -0.889) (end -3.0988 -0.889) (layer Eco2.User) (width 0.1524))
    (fp_line (start -2.0066 -0.381) (end -2.0066 -0.889) (layer Eco2.User) (width 0.1524))
    (fp_line (start -3.0988 -1.651) (end -2.0066 -1.651) (layer Eco2.User) (width 0.1524))
    (fp_line (start -3.0988 -2.159) (end -3.0988 -1.651) (layer Eco2.User) (width 0.1524))
    (fp_line (start -2.0066 -2.159) (end -3.0988 -2.159) (layer Eco2.User) (width 0.1524))
    (fp_line (start -2.0066 -1.651) (end -2.0066 -2.159) (layer Eco2.User) (width 0.1524))
    (pad 8 smd rect (at 2.4638 -1.905 180) (size 1.9812 0.5588) (layers F.Cu F.Paste F.Mask)
      (net 35 /5V))
    (pad 7 smd rect (at 2.4638 -0.635 180) (size 1.9812 0.5588) (layers F.Cu F.Paste F.Mask)
      (net 32 /EXTIB))
    (pad 6 smd rect (at 2.4638 0.635 180) (size 1.9812 0.5588) (layers F.Cu F.Paste F.Mask)
      (net 40 /BEMF_REF))
    (pad 5 smd rect (at 2.4638 1.905 180) (size 1.9812 0.5588) (layers F.Cu F.Paste F.Mask)
      (net 36 /BEMF_B))
    (pad 4 smd rect (at -2.4638 1.905 180) (size 1.9812 0.5588) (layers F.Cu F.Paste F.Mask)
      (net 4 GNDREF))
    (pad 3 smd rect (at -2.4638 0.635 180) (size 1.9812 0.5588) (layers F.Cu F.Paste F.Mask)
      (net 38 /BEMF_A))
    (pad 2 smd rect (at -2.4638 -0.635 180) (size 1.9812 0.5588) (layers F.Cu F.Paste F.Mask)
      (net 40 /BEMF_REF))
    (pad 1 smd rect (at -2.4638 -1.905 180) (size 1.9812 0.5588) (layers F.Cu F.Paste F.Mask)
      (net 33 /EXTIA))
    (model ${KISYS3DMOD}/Package_DIP.3dshapes/DIP-8_W7.62mm_SMDSocket.step
      (offset (xyz -0.5 1 0))
      (scale (xyz 1 1 1))
      (rotate (xyz 0 0 0))
    )
  )

  (module LM393D:SOIC127P600X175-8N (layer F.Cu) (tedit 0) (tstamp 5CFBD433)
    (at 143.256 58.42 180)
    (path /5CEEA765)
    (attr smd)
    (fp_text reference U8 (at -0.50851 -4.42408 180) (layer F.SilkS)
      (effects (font (size 1.64166 1.64166) (thickness 0.05)))
    )
    (fp_text value LM393 (at 6.985 4.572 180) (layer F.SilkS)
      (effects (font (size 1.64073 1.64073) (thickness 0.05)))
    )
    (fp_line (start -2.0066 -1.651) (end -2.0066 -2.159) (layer Eco2.User) (width 0.1524))
    (fp_line (start -2.0066 -2.159) (end -3.0988 -2.159) (layer Eco2.User) (width 0.1524))
    (fp_line (start -3.0988 -2.159) (end -3.0988 -1.651) (layer Eco2.User) (width 0.1524))
    (fp_line (start -3.0988 -1.651) (end -2.0066 -1.651) (layer Eco2.User) (width 0.1524))
    (fp_line (start -2.0066 -0.381) (end -2.0066 -0.889) (layer Eco2.User) (width 0.1524))
    (fp_line (start -2.0066 -0.889) (end -3.0988 -0.889) (layer Eco2.User) (width 0.1524))
    (fp_line (start -3.0988 -0.889) (end -3.0988 -0.381) (layer Eco2.User) (width 0.1524))
    (fp_line (start -3.0988 -0.381) (end -2.0066 -0.381) (layer Eco2.User) (width 0.1524))
    (fp_line (start -2.0066 0.889) (end -2.0066 0.381) (layer Eco2.User) (width 0.1524))
    (fp_line (start -2.0066 0.381) (end -3.0988 0.381) (layer Eco2.User) (width 0.1524))
    (fp_line (start -3.0988 0.381) (end -3.0988 0.889) (layer Eco2.User) (width 0.1524))
    (fp_line (start -3.0988 0.889) (end -2.0066 0.889) (layer Eco2.User) (width 0.1524))
    (fp_line (start -2.0066 2.159) (end -2.0066 1.651) (layer Eco2.User) (width 0.1524))
    (fp_line (start -2.0066 1.651) (end -3.0988 1.651) (layer Eco2.User) (width 0.1524))
    (fp_line (start -3.0988 1.651) (end -3.0988 2.159) (layer Eco2.User) (width 0.1524))
    (fp_line (start -3.0988 2.159) (end -2.0066 2.159) (layer Eco2.User) (width 0.1524))
    (fp_line (start 2.0066 1.651) (end 2.0066 2.159) (layer Eco2.User) (width 0.1524))
    (fp_line (start 2.0066 2.159) (end 3.0988 2.159) (layer Eco2.User) (width 0.1524))
    (fp_line (start 3.0988 2.159) (end 3.0988 1.651) (layer Eco2.User) (width 0.1524))
    (fp_line (start 3.0988 1.651) (end 2.0066 1.651) (layer Eco2.User) (width 0.1524))
    (fp_line (start 2.0066 0.381) (end 2.0066 0.889) (layer Eco2.User) (width 0.1524))
    (fp_line (start 2.0066 0.889) (end 3.0988 0.889) (layer Eco2.User) (width 0.1524))
    (fp_line (start 3.0988 0.889) (end 3.0988 0.381) (layer Eco2.User) (width 0.1524))
    (fp_line (start 3.0988 0.381) (end 2.0066 0.381) (layer Eco2.User) (width 0.1524))
    (fp_line (start 2.0066 -0.889) (end 2.0066 -0.381) (layer Eco2.User) (width 0.1524))
    (fp_line (start 2.0066 -0.381) (end 3.0988 -0.381) (layer Eco2.User) (width 0.1524))
    (fp_line (start 3.0988 -0.381) (end 3.0988 -0.889) (layer Eco2.User) (width 0.1524))
    (fp_line (start 3.0988 -0.889) (end 2.0066 -0.889) (layer Eco2.User) (width 0.1524))
    (fp_line (start 2.0066 -2.159) (end 2.0066 -1.651) (layer Eco2.User) (width 0.1524))
    (fp_line (start 2.0066 -1.651) (end 3.0988 -1.651) (layer Eco2.User) (width 0.1524))
    (fp_line (start 3.0988 -1.651) (end 3.0988 -2.159) (layer Eco2.User) (width 0.1524))
    (fp_line (start 3.0988 -2.159) (end 2.0066 -2.159) (layer Eco2.User) (width 0.1524))
    (fp_line (start -2.0066 2.4892) (end 2.0066 2.4892) (layer Eco2.User) (width 0.1524))
    (fp_line (start 2.0066 2.4892) (end 2.0066 -2.4892) (layer Eco2.User) (width 0.1524))
    (fp_line (start 2.0066 -2.4892) (end 0.3048 -2.4892) (layer Eco2.User) (width 0.1524))
    (fp_line (start 0.3048 -2.4892) (end -0.3048 -2.4892) (layer Eco2.User) (width 0.1524))
    (fp_line (start -0.3048 -2.4892) (end -2.0066 -2.4892) (layer Eco2.User) (width 0.1524))
    (fp_line (start -2.0066 -2.4892) (end -2.0066 2.4892) (layer Eco2.User) (width 0.1524))
    (fp_arc (start 0 -2.4892) (end -0.3048 -2.4892) (angle -180) (layer Eco2.User) (width 0.1))
    (fp_line (start -1.3716 2.4892) (end 1.3716 2.4892) (layer F.SilkS) (width 0.1524))
    (fp_line (start 1.3716 -2.4892) (end 0.3048 -2.4892) (layer F.SilkS) (width 0.1524))
    (fp_line (start 0.3048 -2.4892) (end -0.3048 -2.4892) (layer F.SilkS) (width 0.1524))
    (fp_line (start -0.3048 -2.4892) (end -1.3716 -2.4892) (layer F.SilkS) (width 0.1524))
    (fp_arc (start 0 -2.4892) (end -0.3048 -2.4892) (angle -180) (layer F.SilkS) (width 0.1))
    (pad 1 smd rect (at -2.4638 -1.905 180) (size 1.9812 0.5588) (layers F.Cu F.Paste F.Mask)
      (net 31 /EXTIC))
    (pad 2 smd rect (at -2.4638 -0.635 180) (size 1.9812 0.5588) (layers F.Cu F.Paste F.Mask)
      (net 40 /BEMF_REF))
    (pad 3 smd rect (at -2.4638 0.635 180) (size 1.9812 0.5588) (layers F.Cu F.Paste F.Mask)
      (net 37 /BEMF_C))
    (pad 4 smd rect (at -2.4638 1.905 180) (size 1.9812 0.5588) (layers F.Cu F.Paste F.Mask)
      (net 4 GNDREF))
    (pad 5 smd rect (at 2.4638 1.905 180) (size 1.9812 0.5588) (layers F.Cu F.Paste F.Mask))
    (pad 6 smd rect (at 2.4638 0.635 180) (size 1.9812 0.5588) (layers F.Cu F.Paste F.Mask))
    (pad 7 smd rect (at 2.4638 -0.635 180) (size 1.9812 0.5588) (layers F.Cu F.Paste F.Mask))
    (pad 8 smd rect (at 2.4638 -1.905 180) (size 1.9812 0.5588) (layers F.Cu F.Paste F.Mask)
      (net 35 /5V))
    (model ${KISYS3DMOD}/Package_DIP.3dshapes/DIP-8_W7.62mm_SMDSocket.step
      (offset (xyz -0.5 -2 0))
      (scale (xyz 1 1 1))
      (rotate (xyz 0 0 0))
    )
  )

  (module Resistor_SMD:R_1206_3216Metric_Pad1.42x1.75mm_HandSolder (layer F.Cu) (tedit 5B301BBD) (tstamp 5CFBD1AF)
    (at 102.997 126.1475 270)
    (descr "Resistor SMD 1206 (3216 Metric), square (rectangular) end terminal, IPC_7351 nominal with elongated pad for handsoldering. (Body size source: http://www.tortai-tech.com/upload/download/2011102023233369053.pdf), generated with kicad-footprint-generator")
    (tags "resistor handsolder")
    (path /5DA4DD5F)
    (attr smd)
    (fp_text reference R30 (at 0 -1.82 270) (layer F.SilkS)
      (effects (font (size 1 1) (thickness 0.15)))
    )
    (fp_text value R (at 0 1.82 270) (layer F.Fab)
      (effects (font (size 1 1) (thickness 0.15)))
    )
    (fp_line (start -1.6 0.8) (end -1.6 -0.8) (layer F.Fab) (width 0.1))
    (fp_line (start -1.6 -0.8) (end 1.6 -0.8) (layer F.Fab) (width 0.1))
    (fp_line (start 1.6 -0.8) (end 1.6 0.8) (layer F.Fab) (width 0.1))
    (fp_line (start 1.6 0.8) (end -1.6 0.8) (layer F.Fab) (width 0.1))
    (fp_line (start -0.602064 -0.91) (end 0.602064 -0.91) (layer F.SilkS) (width 0.12))
    (fp_line (start -0.602064 0.91) (end 0.602064 0.91) (layer F.SilkS) (width 0.12))
    (fp_line (start -2.45 1.12) (end -2.45 -1.12) (layer F.CrtYd) (width 0.05))
    (fp_line (start -2.45 -1.12) (end 2.45 -1.12) (layer F.CrtYd) (width 0.05))
    (fp_line (start 2.45 -1.12) (end 2.45 1.12) (layer F.CrtYd) (width 0.05))
    (fp_line (start 2.45 1.12) (end -2.45 1.12) (layer F.CrtYd) (width 0.05))
    (fp_text user %R (at 0 0 270) (layer F.Fab)
      (effects (font (size 0.8 0.8) (thickness 0.12)))
    )
    (pad 1 smd roundrect (at -1.4875 0 270) (size 1.425 1.75) (layers F.Cu F.Paste F.Mask) (roundrect_rratio 0.175439)
      (net 35 /5V))
    (pad 2 smd roundrect (at 1.4875 0 270) (size 1.425 1.75) (layers F.Cu F.Paste F.Mask) (roundrect_rratio 0.175439)
      (net 31 /EXTIC))
    (model ${KISYS3DMOD}/Resistor_SMD.3dshapes/R_1206_3216Metric.wrl
      (at (xyz 0 0 0))
      (scale (xyz 1 1 1))
      (rotate (xyz 0 0 0))
    )
  )

  (module Resistor_SMD:R_1206_3216Metric_Pad1.42x1.75mm_HandSolder (layer F.Cu) (tedit 5B301BBD) (tstamp 5CFBD19E)
    (at 156.718 63.3365 90)
    (descr "Resistor SMD 1206 (3216 Metric), square (rectangular) end terminal, IPC_7351 nominal with elongated pad for handsoldering. (Body size source: http://www.tortai-tech.com/upload/download/2011102023233369053.pdf), generated with kicad-footprint-generator")
    (tags "resistor handsolder")
    (path /5D1781EB)
    (attr smd)
    (fp_text reference R25 (at 0 -1.82 90) (layer F.SilkS)
      (effects (font (size 1 1) (thickness 0.15)))
    )
    (fp_text value R (at 0 1.82 90) (layer F.Fab)
      (effects (font (size 1 1) (thickness 0.15)))
    )
    (fp_text user %R (at 0 0 90) (layer F.Fab)
      (effects (font (size 0.8 0.8) (thickness 0.12)))
    )
    (fp_line (start 2.45 1.12) (end -2.45 1.12) (layer F.CrtYd) (width 0.05))
    (fp_line (start 2.45 -1.12) (end 2.45 1.12) (layer F.CrtYd) (width 0.05))
    (fp_line (start -2.45 -1.12) (end 2.45 -1.12) (layer F.CrtYd) (width 0.05))
    (fp_line (start -2.45 1.12) (end -2.45 -1.12) (layer F.CrtYd) (width 0.05))
    (fp_line (start -0.602064 0.91) (end 0.602064 0.91) (layer F.SilkS) (width 0.12))
    (fp_line (start -0.602064 -0.91) (end 0.602064 -0.91) (layer F.SilkS) (width 0.12))
    (fp_line (start 1.6 0.8) (end -1.6 0.8) (layer F.Fab) (width 0.1))
    (fp_line (start 1.6 -0.8) (end 1.6 0.8) (layer F.Fab) (width 0.1))
    (fp_line (start -1.6 -0.8) (end 1.6 -0.8) (layer F.Fab) (width 0.1))
    (fp_line (start -1.6 0.8) (end -1.6 -0.8) (layer F.Fab) (width 0.1))
    (pad 2 smd roundrect (at 1.4875 0 90) (size 1.425 1.75) (layers F.Cu F.Paste F.Mask) (roundrect_rratio 0.175439)
      (net 4 GNDREF))
    (pad 1 smd roundrect (at -1.4875 0 90) (size 1.425 1.75) (layers F.Cu F.Paste F.Mask) (roundrect_rratio 0.175439)
      (net 38 /BEMF_A))
    (model ${KISYS3DMOD}/Resistor_SMD.3dshapes/R_1206_3216Metric.wrl
      (at (xyz 0 0 0))
      (scale (xyz 1 1 1))
      (rotate (xyz 0 0 0))
    )
  )

  (module Resistor_SMD:R_1206_3216Metric_Pad1.42x1.75mm_HandSolder (layer F.Cu) (tedit 5B301BBD) (tstamp 5CFBD18D)
    (at 145.0705 91.186 180)
    (descr "Resistor SMD 1206 (3216 Metric), square (rectangular) end terminal, IPC_7351 nominal with elongated pad for handsoldering. (Body size source: http://www.tortai-tech.com/upload/download/2011102023233369053.pdf), generated with kicad-footprint-generator")
    (tags "resistor handsolder")
    (path /5CF8E25C)
    (attr smd)
    (fp_text reference R23 (at 0 -1.82 180) (layer F.SilkS)
      (effects (font (size 1 1) (thickness 0.15)))
    )
    (fp_text value R (at 0 1.82 180) (layer F.Fab)
      (effects (font (size 1 1) (thickness 0.15)))
    )
    (fp_line (start -1.6 0.8) (end -1.6 -0.8) (layer F.Fab) (width 0.1))
    (fp_line (start -1.6 -0.8) (end 1.6 -0.8) (layer F.Fab) (width 0.1))
    (fp_line (start 1.6 -0.8) (end 1.6 0.8) (layer F.Fab) (width 0.1))
    (fp_line (start 1.6 0.8) (end -1.6 0.8) (layer F.Fab) (width 0.1))
    (fp_line (start -0.602064 -0.91) (end 0.602064 -0.91) (layer F.SilkS) (width 0.12))
    (fp_line (start -0.602064 0.91) (end 0.602064 0.91) (layer F.SilkS) (width 0.12))
    (fp_line (start -2.45 1.12) (end -2.45 -1.12) (layer F.CrtYd) (width 0.05))
    (fp_line (start -2.45 -1.12) (end 2.45 -1.12) (layer F.CrtYd) (width 0.05))
    (fp_line (start 2.45 -1.12) (end 2.45 1.12) (layer F.CrtYd) (width 0.05))
    (fp_line (start 2.45 1.12) (end -2.45 1.12) (layer F.CrtYd) (width 0.05))
    (fp_text user %R (at 0 0 180) (layer F.Fab)
      (effects (font (size 0.8 0.8) (thickness 0.12)))
    )
    (pad 1 smd roundrect (at -1.4875 0 180) (size 1.425 1.75) (layers F.Cu F.Paste F.Mask) (roundrect_rratio 0.175439)
      (net 9 /PHASE_C))
    (pad 2 smd roundrect (at 1.4875 0 180) (size 1.425 1.75) (layers F.Cu F.Paste F.Mask) (roundrect_rratio 0.175439)
      (net 39 "Net-(R19-Pad2)"))
    (model ${KISYS3DMOD}/Resistor_SMD.3dshapes/R_1206_3216Metric.wrl
      (at (xyz 0 0 0))
      (scale (xyz 1 1 1))
      (rotate (xyz 0 0 0))
    )
  )

  (module Resistor_SMD:R_1206_3216Metric_Pad1.42x1.75mm_HandSolder (layer F.Cu) (tedit 5B301BBD) (tstamp 5CFBD17C)
    (at 156.718 69.8135 90)
